  0.000000000000000E+000   3.00677806823418     
  1.010101010101010E-003   3.29822279353732     
  2.020202020202020E-003   3.62136071697851     
  3.030303030303030E-003   3.93061071385730     
  4.040404040404040E-003   4.26339968857778     
  5.050505050505050E-003   4.68339236378228     
  6.060606060606061E-003   5.14419131605484     
  7.070707070707071E-003   5.63116230514546     
  8.080808080808081E-003   6.22898548853156     
  9.090909090909090E-003   6.79139512837838     
  1.010101010101010E-002   7.38268267913530     
  1.111111111111111E-002   8.07816515863965     
  1.212121212121212E-002   8.87559276912328     
  1.313131313131313E-002   9.90348793001759     
  1.414141414141414E-002   11.0689554735068     
  1.515151515151515E-002   11.8914680889275     
  1.616161616161616E-002   12.9077340529613     
  1.717171717171717E-002   14.2106628011502     
  1.818181818181818E-002   16.1500031780300     
  1.919191919191919E-002   17.5323857003878     
  2.020202020202020E-002   19.1822850019399     
  2.121212121212121E-002   20.8715600341108     
  2.222222222222222E-002   22.8612060584486     
  2.323232323232323E-002   25.5722639377942     
  2.424242424242424E-002   28.1698454072907     
  2.525252525252525E-002   31.0316528119125     
  2.626262626262626E-002   33.6434910585467     
  2.727272727272727E-002   36.6190042586503     
  2.828282828282828E-002   40.6845178302841     
  2.929292929292929E-002   44.5696574698194     
  3.030303030303030E-002   49.5463096303047     
  3.131313131313131E-002   53.6044462516833     
  3.232323232323232E-002   59.0696300376238     
  3.333333333333333E-002   64.4591976233834     
  3.434343434343434E-002   71.2808490514115     
  3.535353535353535E-002   76.4187771676846     
  3.636363636363636E-002   82.7646042698737     
  3.737373737373737E-002   89.5716088095936     
  3.838383838383838E-002   94.7027764407658     
  3.939393939393939E-002   103.110711810227     
  4.040404040404040E-002   113.128823113309     
  4.141414141414142E-002   116.621463404989     
  4.242424242424243E-002   124.199834565355     
  4.343434343434344E-002   130.944994183876     
  4.444444444444445E-002   134.495087897538     
  4.545454545454546E-002   136.093345717304     
  4.646464646464647E-002   133.552237062219     
  4.747474747474748E-002   135.179814807830     
  4.848484848484848E-002   128.095381574585     
  4.949494949494949E-002   117.508389841465     
  5.050505050505050E-002   108.332566299376     
  5.151515151515151E-002   91.9825198893592     
  5.252525252525252E-002   77.7097229238823     
  5.353535353535353E-002   62.9775943629627     
  5.454545454545454E-002   50.6493328629454     
  5.555555555555555E-002   40.3633364654796     
  5.656565656565657E-002   30.2480433733177     
  5.757575757575758E-002   22.2715227018742     
  5.858585858585859E-002   15.7068480071766     
  5.959595959595960E-002   10.9673837222598     
  6.060606060606061E-002   8.15742637722317     
  6.161616161616162E-002   6.38373483105279     
  6.262626262626263E-002   5.32970452745538     
  6.363636363636363E-002   4.49179516221848     
  6.464646464646465E-002   3.60544015794267     
  6.565656565656566E-002   2.83846462538900     
  6.666666666666667E-002   2.17462436048993     
  6.767676767676768E-002   1.63782947565671     
  6.868686868686869E-002   1.25382786082073     
  6.969696969696970E-002  0.989212275618173     
  7.070707070707070E-002  0.874609003279222     
  7.171717171717172E-002  0.804433778961333     
  7.272727272727272E-002  0.769774180596733     
  7.373737373737374E-002  0.678862383753287     
  7.474747474747474E-002  0.597587962880027     
  7.575757575757576E-002  0.493391248927388     
  7.676767676767676E-002  0.419151276018205     
  7.777777777777778E-002  0.348992700314396     
  7.878787878787878E-002  0.287589495542139     
  7.979797979797980E-002  0.257159523797420     
  8.080808080808080E-002  0.229422792757594     
  8.181818181818182E-002  0.212771088964689     
  8.282828282828283E-002  0.204315981398727     
  8.383838383838384E-002  0.194792659325737     
  8.484848484848485E-002  0.186573765521518     
  8.585858585858586E-002  0.178831828058223     
  8.686868686868687E-002  0.167773950298868     
  8.787878787878788E-002  0.159541511475229     
  8.888888888888889E-002  0.150854484392296     
  8.989898989898990E-002  0.142184868524636     
  9.090909090909091E-002  0.135106714619884     
  9.191919191919191E-002  0.127547199508247     
  9.292929292929293E-002  0.121913983405598     
  9.393939393939393E-002  0.116458609730736     
  9.494949494949495E-002  0.111881798658673     
  9.595959595959595E-002  0.107911651911158     
  9.696969696969697E-002  0.104230433564125     
  9.797979797979799E-002  0.100741092028232     
  9.898989898989899E-002  9.763661285687639E-002
  0.100000000000000       9.454370788191753E-002
