 	#Time (fs)	Norm in V_d	Norm in V_f	Norm through CAP
      0.000000      0.9999999973868      0.0000000000000     0.000000000000000000
      1.000000      0.9791782205118      0.0122330961913     0.000000000004962393
      2.000000      0.9587799107792      0.0342937556913     0.000000000201896298
      3.000000      0.9387280816024      0.0540443089135     0.000000006284263794
      4.000000      0.9187877592115      0.0730206414668     0.000000089361747061
      5.000000      0.8986897835142      0.0920758042709     0.000000620736817547
      6.000000      0.8785632575162      0.1104482201465     0.000002576164896106
      7.000000      0.8589644005403      0.1283573495402     0.000007397830270039
      8.000000      0.8403579232513      0.1460532197901     0.000016292029132896
      9.000000      0.8228189401230      0.1633742482052     0.000029559868877102
     10.000000      0.8061398414645      0.1803755072588     0.000046467860360508
     11.000000      0.7900441378143      0.1971108551970     0.000065625495593346
     12.000000      0.7743201973900      0.2135178018098     0.000085476625261807
     13.000000      0.7588447136124      0.2295948182661     0.000104671755285349
     14.000000      0.7435658177387      0.2453490571719     0.000122259211389256
     15.000000      0.7284763772050      0.2607741887910     0.000137691322984195
     16.000000      0.7135895245858      0.2758742335107     0.000150771031033128
     17.000000      0.6989249283491      0.2906552012505     0.000161552103644023
     18.000000      0.6845012459316      0.3051248884273     0.000170235103944736
     19.000000      0.6703325218004      0.3192909437316     0.000177101248711446
     20.000000      0.6564279505438      0.3331593000228     0.000182450760948426
     21.000000      0.6427926078980      0.3467380572762     0.000186570213497276
     22.000000      0.6294281800502      0.3600337436321     0.000189715899174980
     23.000000      0.6163338983917      0.3730519308638     0.000192104423992512
     24.000000      0.6035072593874      0.3857986818691     0.000193913847129513
     25.000000      0.5909445826002      0.3982794576638     0.000195285922361477
     26.000000      0.5786413866009      0.4104992349196     0.000196331732615687
     27.000000      0.5665928456311      0.4224630638891     0.000197137140423225
     28.000000      0.5547937126085      0.4341756877736     0.000197768211921906
     29.000000      0.5432386218648      0.4456420573665     0.000198276338976443
     30.000000      0.5319219869734      0.4568665550382     0.000198702745711597
     31.000000      0.5208378688731      0.4678536412375     0.000199083363660524
     32.000000      0.5099797642592      0.4786076926234     0.000199454547240639
     33.000000      0.4993404750077      0.4891329120390     0.000199861405364230
     34.000000      0.4889118418763      0.4994332811342     0.000200370927639730
     35.000000      0.4786845325566      0.5095123744509     0.000201092321493864
     36.000000      0.4686475132365      0.5193734211527     0.000202206322199436
     37.000000      0.4587881054129      0.5290191531705     0.000204004456432986
     38.000000      0.4490933735281      0.5384517978680     0.000206937275458576
     39.000000      0.4395524807863      0.5476731973905     0.000211668512700999
     40.000000      0.4301586024744      0.5566852057165     0.000219129601716802
     41.000000      0.4209140777849      0.5654903992340     0.000230562536448027
     42.000000      0.4118380173639      0.5740928065280     0.000247529953182892
     43.000000      0.4029672692466      0.5824985497653     0.000271871854787995
     44.000000      0.3943524222244      0.5907157882366     0.000305620174683516
     45.000000      0.3860489272706      0.5987532389379     0.000350926189123427
     46.000000      0.3780928967105      0.6066170233655     0.000410079436777068
     47.000000      0.3704785954548      0.6143075457074     0.000485661188154750
     48.000000      0.3631484518092      0.6218171391513     0.000580748253881049
     49.000000      0.3559976838387      0.6291312292431     0.000698974377959147
     50.000000      0.3489186485677      0.6362335896936     0.000844343883129888
     51.000000      0.3418491823598      0.6431129921743     0.001020927199130540
     52.000000      0.3348003924646      0.6497672652560     0.001232616956759813
     53.000000      0.3278375165479      0.6562030705542     0.001482970054578944
     54.000000      0.3210207383526      0.6624326621590     0.001775149123335165
     55.000000      0.3143552477058      0.6684673438560     0.002111986073494218
     56.000000      0.3077951313961      0.6743110709946     0.002495975394144943
     57.000000      0.3012972418799      0.6799618503220     0.002929022790173455
     58.000000      0.2948627000438      0.6854208748872     0.003412229129141249
     59.000000      0.2885133570792      0.6906982305879     0.003946103574347902
     60.000000      0.2822435273977      0.6958078313324     0.004531051764236129
     61.000000      0.2760230672716      0.7007597557605     0.005167498543560741
     62.000000      0.2698843167417      0.7055649198345     0.005855408670177004
     63.000000      0.2639734143545      0.7102471287891     0.006593962178259505
     64.000000      0.2584593293123      0.7148407523500     0.007381859893754456
     65.000000      0.2533691866991      0.7193682792901     0.008217352182076898
     66.000000      0.2485340672384      0.7238244548544     0.009097789749122138
     67.000000      0.2437272446454      0.7281922733860     0.010020011541278890
     68.000000      0.2388471294330      0.7324679057147     0.010981319946887705
     69.000000      0.2339453656268      0.7366608830100     0.011979467050313709
     70.000000      0.2291156830278      0.7407825330529     0.013012135534739558
     71.000000      0.2243962364046      0.7448412941102     0.014077078873923361
     72.000000      0.2197720134095      0.7488427445330     0.015172159553457285
     73.000000      0.2152246637807      0.7527939771396     0.016294960930813111
     74.000000      0.2107530895971      0.7567003117820     0.017443141088297334
     75.000000      0.2063682719123      0.7605526394562     0.018614878127575032
     76.000000      0.2020764934445      0.7643473336045     0.019808090510222365
     77.000000      0.1978730506959      0.7681097048790     0.021020293329016500
     78.000000      0.1937523151547      0.7718521264489     0.022250015766439018
     79.000000      0.1897168242681      0.7755395888735     0.023496609155128610
     80.000000      0.1857678035285      0.7791456197155     0.024758277402638380
     81.000000      0.1818987455994      0.7827064444535     0.026032513300726322
     82.000000      0.1781077765576      0.7862667471612     0.027318675221896148
     83.000000      0.1743982271164      0.7897974595098     0.028617881544301307
     84.000000      0.1707656822486      0.7932297188009     0.029929933049003619
     85.000000      0.1672036642670      0.7965598552205     0.031252485364705637
     86.000000      0.1637156107328      0.7998556161748     0.032584113904339192
     87.000000      0.1603009402293      0.8031524243786     0.033926178112352705
     88.000000      0.1569493750660      0.8064006549060     0.035280353523516668
     89.000000      0.1536601155763      0.8095373054670     0.036645575124705523
     90.000000      0.1504368659117      0.8125691240445     0.038018702760220291
     91.000000      0.1472687461371      0.8155536359528     0.039397754828463756
     92.000000      0.1441479652168      0.8185200228280     0.040783151611440208
     93.000000      0.1410824429837      0.8214415487820     0.042175528772262084
     94.000000      0.1380718258145      0.8242847129946     0.043573402133181005
     95.000000      0.1351078308484      0.8270616397531     0.044973644904329334
     96.000000      0.1322036577798      0.8298158188608     0.046373951543280133
     97.000000      0.1293800456712      0.8325627413323     0.047774128765277715
     98.000000      0.1266406394765      0.8352667574320     0.049174773067441419
     99.000000      0.1239923434573      0.8378863097823     0.050575160379726064
    100.000000      0.1214489155744      0.8404311837201     0.051972641914455914
    101.000000      0.1190043703803      0.8429630164533     0.053364119209531158
    102.000000      0.1166329053384      0.8455385616446     0.054748058631402620
    103.000000      0.1143104078019      0.8481521022739     0.056124962063306076
    104.000000      0.1120160721970      0.8507333007242     0.057496138011082658
    105.000000      0.1097345080732      0.8532031786750     0.058861969681521062
    106.000000      0.1074678064518      0.8555370199909     0.060221069683915364
    107.000000      0.1052322774687      0.8577820133175     0.061571117555460568
    108.000000      0.1030452881047      0.8600168225641     0.062910361785618013
    109.000000      0.1009116930435      0.8622977070993     0.064238461622719567
    110.000000      0.0988173466080      0.8646335878833     0.065556435710957886
    111.000000      0.0967387835377      0.8669798141230     0.066865635631505493
    112.000000      0.0946606538880      0.8692546294399     0.068166326383999346
    113.000000      0.0925871463741      0.8713917887475     0.069457251589044575
    114.000000      0.0905437303194      0.8733895145127     0.070736359617301042
    115.000000      0.0885609589517      0.8753138070096     0.072001773121162876
    116.000000      0.0866531873809      0.8772527809475     0.073252474414610261
    117.000000      0.0848197536294      0.8792534605798     0.074488434903151726
    118.000000      0.0830565681296      0.8812985023324     0.075710136062049557
    119.000000      0.0813630751124      0.8833393052005     0.076917948175535586
    120.000000      0.0797418887712      0.8853370305558     0.078111709788306699
    121.000000      0.0781834744878      0.8872723130709     0.079290476946455649
    122.000000      0.0766587017452      0.8891364099310     0.080452660575464283
    123.000000      0.0751329227254      0.8909282346886     0.081596707614687097
    124.000000      0.0735933761236      0.8926606907165     0.082721781573607239
    125.000000      0.0720568115228      0.8943664226754     0.083827867012893451
    126.000000      0.0705505816342      0.8960893427042     0.084915368666872423
    127.000000      0.0690877553088      0.8978562228606     0.085984644942002864
    128.000000      0.0676604061915      0.8996490349897     0.087035787429704650
    129.000000      0.0662564743557      0.9014118320373     0.088068709037224857
    130.000000      0.0648750500578      0.9030939404326     0.089083463352617714
    131.000000      0.0635228731113      0.9046851905013     0.090080470626610482
    132.000000      0.0622021179659      0.9062102581086     0.091060243516483064
    133.000000      0.0609081438537      0.9077066055079     0.092022851058566321
    134.000000      0.0596378900907      0.9092081389980     0.092967925062491102
    135.000000      0.0583938933434      0.9107237143214     0.093895339451046805
    136.000000      0.0571784017602      0.9122284988990     0.094805830411638092
    137.000000      0.0559886780676      0.9136888876916     0.095701023327911208
    138.000000      0.0548211210781      0.9150880836665     0.096582859434548834
    139.000000      0.0536761051268      0.9164314181160     0.097452795341527246
    140.000000      0.0525558509277      0.9177443795586     0.098311350993370641
    141.000000      0.0514595549172      0.9190527190744     0.099158349585296818
    142.000000      0.0503837314285      0.9203521566905     0.099993836371857409
    143.000000      0.0493265632864      0.9216067547256     0.100818917963375651
    144.000000      0.0482885354726      0.9227727298957     0.101635254569489214
    145.000000      0.0472700296044      0.9238296274033     0.102443671153696708
    146.000000      0.0462699831120      0.9248100888176     0.103244050435657431
    147.000000      0.0452861992810      0.9257902980416     0.104036659918179369
    148.000000      0.0443179135505      0.9268298423680     0.104822634226115832
    149.000000      0.0433678055471      0.9279228752651     0.105602806011070513
    150.000000      0.0424413274993      0.9290160133765     0.106376656544493617
    151.000000      0.0415416364708      0.9300646012056     0.107142844739730514
    152.000000      0.0406686859683      0.9310566739361     0.107900738559003409
    153.000000      0.0398230166190      0.9319946184546     0.108651399280536479
    154.000000      0.0390075170416      0.9328800119515     0.109396975977600633
    155.000000      0.0382217776294      0.9337176500651     0.110138929401175395
    156.000000      0.0374584882545      0.9345215498313     0.110877108703977642
    157.000000      0.0367079298646      0.9353119626521     0.111610955979232929
    158.000000      0.0359643178446      0.9361049706110     0.112341060320244601
    159.000000      0.0352264663512      0.9369015375454     0.113068782922602473
    160.000000      0.0344960138088      0.9376846294870     0.113794595025368775
    161.000000      0.0337775447920      0.9384326921407     0.114517347717172258
    162.000000      0.0330757627491      0.9391439207143     0.115235451342858355
    163.000000      0.0323913228577      0.9398389005115     0.115948980463451021
    164.000000      0.0317206029194      0.9405284302957     0.116660592380557440
    165.000000      0.0310575341414      0.9411948816159     0.117374053900089023
    166.000000      0.0303945625515      0.9418170766224     0.118091676985838334
    167.000000      0.0297281568643      0.9423973895683     0.118812979339906311
    168.000000      0.0290657272169      0.9429568200342     0.119535189200314140
    169.000000      0.0284210624632      0.9435176820194     0.120254743278975340
    170.000000      0.0278036437950      0.9440962100473     0.120969140081303245
    171.000000      0.0272170632471      0.9446997041787     0.121678523441454800
    172.000000      0.0266611981976      0.9453185399490     0.122385875536187905
    173.000000      0.0261310134075      0.9459162326766     0.123095361370781850
    174.000000      0.0256165866500      0.9464417685813     0.123810043394030844
    175.000000      0.0251101555627      0.9468691503679     0.124530622331505927
    176.000000      0.0246104620569      0.9472172116075     0.125255557871031070
    177.000000      0.0241167739021      0.9475346028131     0.125982053681974515
    178.000000      0.0236261276178      0.9478789764975     0.126707464773246403
    179.000000      0.0231379566389      0.9482914764109     0.127430565488929171
    180.000000      0.0226553526385      0.9487720469090     0.128152163749234160
    181.000000      0.0221821059991      0.9492812636041     0.128874752405526066
    182.000000      0.0217204307008      0.9497701572860     0.129600963780957451
    183.000000      0.0212698303827      0.9502111831129     0.130331703763117007
    184.000000      0.0208277759485      0.9506001364775     0.131065956860006244
    185.000000      0.0203930947419      0.9509347012233     0.131802421701298772
    186.000000      0.0199673724567      0.9512099004107     0.132540463341721676
    187.000000      0.0195521101907      0.9514424628721     0.133279559669374686
    188.000000      0.0191464153571      0.9516766001309     0.134019599868741013
    189.000000      0.0187479955003      0.9519448867371     0.134762308591632990
    190.000000      0.0183557788593      0.9522393591798     0.135510885175236406
    191.000000      0.0179715196697      0.9525315376873     0.136267587409399538
    192.000000      0.0175974888756      0.9528051581968     0.137032316026297007
    193.000000      0.0172325640505      0.9530666978839     0.137803331519386479
    194.000000      0.0168733589523      0.9533325245797     0.138578524646645357
    195.000000      0.0165188672904      0.9536074136369     0.139356010590108548
    196.000000      0.0161712892658      0.9538777556990     0.140134113802935889
    197.000000      0.0158326453470      0.9541265250816     0.140911849621785490
    198.000000      0.0155018861856      0.9543446801914     0.141690381294614504
    199.000000      0.0151755316012      0.9545218657211     0.142473365048099987
    200.000000      0.0148517276410      0.9546435185219     0.143264766191383452
    201.000000      0.0145333530422      0.9547140049502     0.144066597706060229
    202.000000      0.0142240350357      0.9547729259963     0.144878853632805893
    203.000000      0.0139230449751      0.9548739742508     0.145700518197405066
    204.000000      0.0136279737692      0.9550407422370     0.146530028341377350
    205.000000      0.0133389598400      0.9552408492265     0.147365069045451019
    206.000000      0.0130583513467      0.9554165887510     0.148202499612264421
    207.000000      0.0127882899586      0.9555489934923     0.149039488672387088
    208.000000      0.0125286485900      0.9556708524770     0.149875558506415457
    209.000000      0.0122769195405      0.9558123923674     0.150713356059510556
    210.000000      0.0120302115221      0.9559602759622     0.151556898802938517
    211.000000      0.0117869970997      0.9560766684029     0.152408986580738731
    212.000000      0.0115465748049      0.9561478246206     0.153270225952955252
    213.000000      0.0113084615853      0.9562076604849     0.154139811711651559
    214.000000      0.0110731039286      0.9563010376361     0.155016676779659301
    215.000000      0.0108418724678      0.9564289369457     0.155900146446624366
    216.000000      0.0106162350432      0.9565538389442     0.156789552607041777
    217.000000      0.0103965819139      0.9566503260894     0.157683185386847946
    218.000000      0.0101817255166      0.9567267416400     0.158578530527420797
    219.000000      0.0099695266505      0.9568027543574     0.159474152087888926
    220.000000      0.0097578722424      0.9568834994838     0.160370528463991857
    221.000000      0.0095456648246      0.9569620175764     0.161268686962328850
    222.000000      0.0093338112175      0.9570327296060     0.162169112623397810
    223.000000      0.0091254237529      0.9570908314833     0.163072256841878205
    224.000000      0.0089246053231      0.9571361941552     0.163979203205236623
    225.000000      0.0087347301202      0.9571832716057     0.164892104439793047
    226.000000      0.0085566646975      0.9572461236056     0.165814497971664948
    227.000000      0.0083877717686      0.9573118537574     0.166750003566005500
    228.000000      0.0082241863361      0.9573460292453     0.167699590069622900
    229.000000      0.0080632188737      0.9573349889486     0.168660234676417470
    230.000000      0.0079033662742      0.9573126871282     0.169626385506237237
    231.000000      0.0077439735907      0.9573309002606     0.170592601566185775
    232.000000      0.0075853183952      0.9574235303813     0.171554951410964579
    233.000000      0.0074283060856      0.9576078257916     0.172511215600213152
    234.000000      0.0072737440096      0.9578730292605     0.173461426690301734
    235.000000      0.0071220786495      0.9581563333576     0.174407725151933229
    236.000000      0.0069736478670      0.9583739309186     0.175352421993830110
    237.000000      0.0068286129214      0.9584873429964     0.176296546980433039
    238.000000      0.0066866558052      0.9585166293613     0.177240625769631011
    239.000000      0.0065472650182      0.9584913070534     0.178186541727798881
    240.000000      0.0064104082653      0.9584187849058     0.179138522623407265
    241.000000      0.0062765040241      0.9583031149774     0.180101955560372035
    242.000000      0.0061458768841      0.9581630214417     0.181080972190951150
    243.000000      0.0060184232516      0.9580230167884     0.182076957094325476
    244.000000      0.0058934754806      0.9579094925296     0.183088141063218524
    245.000000      0.0057702683079      0.9578649142094     0.184109684498041742
    246.000000      0.0056489446313      0.9579398033018     0.185135003018037259
    247.000000      0.0055305831922      0.9581485091330     0.186158157234995014
    248.000000      0.0054157605978      0.9584519231513     0.187175138803578472
    249.000000      0.0053035668279      0.9587904819077     0.188183150014809120
    250.000000      0.0051926300058      0.9591123008999     0.189179466608679431
    251.000000      0.0050826525005      0.9593817921879     0.190161470412926636
    252.000000      0.0049744657361      0.9595902286818     0.191128407410984635
    253.000000      0.0048691979141      0.9597457542131     0.192083879300712634
    254.000000      0.0047671792983      0.9598317903273     0.193036242260585356
    255.000000      0.0046672553849      0.9597985018819     0.193995825228045898
    256.000000      0.0045678269273      0.9596206876034     0.194971488431730317
    257.000000      0.0044690614479      0.9593447144184     0.195968672778610326
    258.000000      0.0043731579128      0.9590600471597     0.196988752332094758
    259.000000      0.0042816586533      0.9588400753876     0.198029268369222411
    260.000000      0.0041939220671      0.9587185017933     0.199084743092014821
    261.000000      0.0041085320738      0.9587011745611     0.200147703697709262
    262.000000      0.0040248210418      0.9587820054566     0.201210251624378555
    263.000000      0.0039428751006      0.9589540367940     0.202266178541832042
    264.000000      0.0038627716965      0.9592114379761     0.203312160278548565
    265.000000      0.0037842412854      0.9595380847056     0.204346816959201177
    266.000000      0.0037067896708      0.9599071247056     0.205369085404605328
    267.000000      0.0036301495683      0.9602800403777     0.206378420370621207
    268.000000      0.0035545386100      0.9605867751831     0.207376056827237198
    269.000000      0.0034802919042      0.9607557022121     0.208364818837399324
    270.000000      0.0034076242122      0.9607886131572     0.209348128603349865
    271.000000      0.0033367791660      0.9607517108859     0.210329706318747145
    272.000000      0.0032677912435      0.9606929569337     0.211313535088800547
    273.000000      0.0032000415624      0.9606170323430     0.212304036316183414
    274.000000      0.0031325835042      0.9605113247344     0.213306259243257773
    275.000000      0.0030648339292      0.9603649210040     0.214324863568594842
    276.000000      0.0029970006486      0.9601912580895     0.215362044814448872
    277.000000      0.0029301804109      0.9600263667245     0.216416055264122414
    278.000000      0.0028658137095      0.9598991919934     0.217481430238823076
    279.000000      0.0028047636816      0.9598392798815     0.218550812537417760
    280.000000      0.0027470065467      0.9598954532401     0.219617194306332170
    281.000000      0.0026921942243      0.9601001757453     0.220675399108023168
    282.000000      0.0026397372812      0.9604196850072     0.221722663573397705
    283.000000      0.0025885427157      0.9607651523686     0.222758311371353795
    284.000000      0.0025375475763      0.9610689814950     0.223782633735448738
    285.000000      0.0024864145948      0.9613287362957     0.224796184046706315
    286.000000      0.0024353811559      0.9615580027802     0.225800138717218879
    287.000000      0.0023848517235      0.9617432701453     0.226796713684731727
    288.000000      0.0023351709564      0.9618649682631     0.227788722013694128
    289.000000      0.0022865154586      0.9619142902020     0.228778710911123978
    290.000000      0.0022389077983      0.9618983080201     0.229769256445345627
    291.000000      0.0021923240091      0.9618437360658     0.230764479857083593
    292.000000      0.0021467069085      0.9617633278042     0.231769760339964936
    293.000000      0.0021019663263      0.9616363310439     0.232788512877997067
    294.000000      0.0020580615741      0.9614517769022     0.233819764034259830
    295.000000      0.0020150243990      0.9612474997456     0.234859303335454184
    296.000000      0.0019729484759      0.9610985107028     0.235902440959402271
    297.000000      0.0019319148185      0.9610731963347     0.236945501927542435
    298.000000      0.0018918498877      0.9611919353713     0.237985663408108616
    299.000000      0.0018525382633      0.9614266628693     0.239020377576340065
    300.000000      0.0018138059280      0.9617292888821     0.240047195738555513
    301.000000      0.0017756426681      0.9620493412606     0.241063920802722653
    302.000000      0.0017382534511      0.9623516240629     0.242068977674470248
    303.000000      0.0017019351404      0.9626282557251     0.243061976252914536
    304.000000      0.0016666689297      0.9628665758158     0.244044239520084749
    305.000000      0.0016319894270      0.9630275315853     0.245018789378242063
    306.000000      0.0015974745859      0.9630961575677     0.245989531331293171
    307.000000      0.0015632073337      0.9631106136813     0.246960351941674150
    308.000000      0.0015296431510      0.9631038236313     0.247935000551492285
    309.000000      0.0014971914281      0.9630573197684     0.248917514426995751
    310.000000      0.0014658829303      0.9629257944436     0.249912067391742349
    311.000000      0.0014353568287      0.9626850735331     0.250921852671401657
    312.000000      0.0014052295345      0.9623624704191     0.251948012051078196
    313.000000      0.0013754790836      0.9620305274584     0.252989178205761389
    314.000000      0.0013464542759      0.9617773948987     0.254041161681538230
    315.000000      0.0013185933974      0.9616822681578     0.255097094257228374
    316.000000      0.0012919917791      0.9617900527892     0.256148744071119649
    317.000000      0.0012662317020      0.9620885611423     0.257188371912796476
    318.000000      0.0012407798970      0.9625249752432     0.258210087170630154
    319.000000      0.0012154450614      0.9630490587788     0.259210854277316827
    320.000000      0.0011902975041      0.9636078630346     0.260191103551384084
    321.000000      0.0011654152495      0.9641108663921     0.261153593533195449
    322.000000      0.0011408728638      0.9644685280339     0.262100891854187890
    323.000000      0.0011168284758      0.9646520815418     0.263034490180179603
    324.000000      0.0010934855902      0.9646815034962     0.263956625280327595
    325.000000      0.0010709288448      0.9646085210261     0.264872345233199302
    326.000000      0.0010489674845      0.9645019464764     0.265789432366922207
    327.000000      0.0010272224460      0.9643867802898     0.266716448843539178
    328.000000      0.0010054523005      0.9642253085027     0.267660962150753912
    329.000000      0.0009837440008      0.9639772084112     0.268628627504523820
    330.000000      0.0009623198326      0.9636428858523     0.269622061231794996
    331.000000      0.0009412670119      0.9632639994347     0.270639745640398943
    332.000000      0.0009206208202      0.9629119153421     0.271676253878280316
    333.000000      0.0009006727714      0.9626622668899     0.272723848835844385
    334.000000      0.0008818419231      0.9625656974207     0.273774482405670927
    335.000000      0.0008642077332      0.9626348911279     0.274821111165128362
    336.000000      0.0008474066572      0.9628535057602     0.275857848079640589
    337.000000      0.0008309895839      0.9631907761927     0.276879693629533741
    338.000000      0.0008146380955      0.9636021116720     0.277882948747465996
    339.000000      0.0007982332765      0.9640327053545     0.278866257894204161
    340.000000      0.0007818447535      0.9644360663303     0.279831233165494631
    341.000000      0.0007656161578      0.9647839484561     0.280781879573557658
    342.000000      0.0007496591905      0.9650643229040     0.281722926365680193
    343.000000      0.0007340391723      0.9652808064599     0.282658130522159101
    344.000000      0.0007187756199      0.9654357542533     0.283589764371936726
    345.000000      0.0007038341479      0.9655128821401     0.284519373528469399
    346.000000      0.0006891727014      0.9654952836804     0.285448754933953275
    347.000000      0.0006747918189      0.9653883891267     0.286380074065402168
    348.000000      0.0006607052436      0.9652263495078     0.287315333192827427
    349.000000      0.0006469041723      0.9650581575636     0.288256191680254348
    350.000000      0.0006333904118      0.9649056078850     0.289204066405323701
    351.000000      0.0006201863355      0.9647494142686     0.290159932722657166
    352.000000      0.0006072932943      0.9645823258004     0.291124056072936288
    353.000000      0.0005946811338      0.9644459170004     0.292095834317845193
    354.000000      0.0005823001034      0.9643862741721     0.293073599358005588
    355.000000      0.0005700972394      0.9644087728616     0.294055090358140425
    356.000000      0.0005580745365      0.9644903125801     0.295038995605473697
    357.000000      0.0005463128923      0.9645946333812     0.296025727662303673
    358.000000      0.0005348737286      0.9646766927145     0.297016154938045396
    359.000000      0.0005237285858      0.9647100238554     0.298010149334734409
    360.000000      0.0005128019045      0.9647026864460     0.299006868609276388
    361.000000      0.0005019989223      0.9646739842717     0.300006050416803505
    362.000000      0.0004912609996      0.9646473665013     0.301008401161851513
    363.000000      0.0004806586420      0.9646583942561     0.302014737826360236
    364.000000      0.0004703677093      0.9647219606308     0.303025500587862318
    365.000000      0.0004605001822      0.9648039285580     0.304041097149616801
    366.000000      0.0004510112931      0.9648551443347     0.305061466375178503
    367.000000      0.0004417773359      0.9648626290751     0.306084408529095520
    368.000000      0.0004327038541      0.9648737542454     0.307104611985041631
    369.000000      0.0004237655452      0.9649706449789     0.308115279039781143
    370.000000      0.0004150127537      0.9651910321811     0.309111543484923701
    371.000000      0.0004065091062      0.9654994091238     0.310092627650910169
    372.000000      0.0003982354109      0.9658434085773     0.311061219736838479
    373.000000      0.0003900991190      0.9661749768429     0.312021598018581203
    374.000000      0.0003820443850      0.9664309623819     0.312978183020970857
    375.000000      0.0003740855817      0.9665596709462     0.313934515825313842
    376.000000      0.0003662619512      0.9665608176752     0.314892692624757664
    377.000000      0.0003585921725      0.9664740142129     0.315854041344009240
    378.000000      0.0003510736444      0.9663417136596     0.316820758526248858
    379.000000      0.0003437215962      0.9661870533724     0.317796890474449867
    380.000000      0.0003365763652      0.9660069108767     0.318787774155396164
    381.000000      0.0003296295892      0.9657846609968     0.319798612947073124
    382.000000      0.0003227887035      0.9655174279815     0.320833120052637699
    383.000000      0.0003159372517      0.9652276649708     0.321892653765580183
    384.000000      0.0003090255079      0.9649498317934     0.322975876880540691
    385.000000      0.0003021443002      0.9647116216078     0.324078880434500061
    386.000000      0.0002954926161      0.9645265949276     0.325195953252297332
    387.000000      0.0002892211994      0.9644104121716     0.326320695318072840
    388.000000      0.0002833106854      0.9643998842089     0.327446879410041192
    389.000000      0.0002776399050      0.9645205767507     0.328569554727040081
    390.000000      0.0002721311165      0.9647412020776     0.329686724107524032
    391.000000      0.0002667546930      0.9650022640165     0.330799782470030446
    392.000000      0.0002614635413      0.9652696412566     0.331911324501192317
    393.000000      0.0002562048309      0.9655260895508     0.333022650242046192
    394.000000      0.0002509607727      0.9657468596368     0.334133793350278652
    395.000000      0.0002457591093      0.9659097388806     0.335245261384988225
    396.000000      0.0002406455193      0.9660002307211     0.336359135532413145
    397.000000      0.0002356469172      0.9660168185584     0.337478515477016405
    398.000000      0.0002307573870      0.9659900986844     0.338605755590762725
    399.000000      0.0002259600107      0.9659649832572     0.339740899154926279
    400.000000      0.0002212499133      0.9659681438711     0.340881654201972695
    401.000000      0.0002166314204      0.9660035865296     0.342025190942546353
    402.000000      0.0002121041648      0.9660459787441     0.343170526384515118
    403.000000      0.0002076649881      0.9660492497011     0.344319525726636322
    404.000000      0.0002033236852      0.9659809872321     0.345476059294701709
    405.000000      0.0001990932103      0.9658356832812     0.346644567745952981
    406.000000      0.0001949624616      0.9656411725970     0.347828769443854324
    407.000000      0.0001909067131      0.9654586948032     0.349030443126277956
    408.000000      0.0001869205604      0.9653399886023     0.350248902834854992
    409.000000      0.0001830105403      0.9652935255340     0.351481985838626720
    410.000000      0.0001791705495      0.9653016281672     0.352727767775738610
    411.000000      0.0001753958729      0.9653368843193     0.353985211872127892
    412.000000      0.0001716962087      0.9653630275137     0.355253513972894563
    413.000000      0.0001680832886      0.9653528827423     0.356531564368413767
    414.000000      0.0001645635073      0.9653080191962     0.357818356572792873
    415.000000      0.0001611270045      0.9652488121197     0.359113712351386893
    416.000000      0.0001577407057      0.9651892769844     0.360418323826869003
    417.000000      0.0001543775970      0.9651286347838     0.361733151640167450
    418.000000      0.0001510578217      0.9650668656007     0.363058920264596463
    419.000000      0.0001478369829      0.9650208774340     0.364395926023963757
    420.000000      0.0001447507411      0.9650095233974     0.365744067769045833
    421.000000      0.0001417886425      0.9650285219315     0.367102976019565763
    422.000000      0.0001389149815      0.9650596114142     0.368471978512334875
    423.000000      0.0001361024007      0.9650892233739     0.369849970794454530
    424.000000      0.0001333359724      0.9651187754808     0.371235359001360843
    425.000000      0.0001306074456      0.9651754665501     0.372626100957187734
    426.000000      0.0001279151489      0.9652790390595     0.374020628203125538
    427.000000      0.0001252583179      0.9653909571850     0.375419899244088751
    428.000000      0.0001226333123      0.9654458905219     0.376828157695290655
    429.000000      0.0001200447262      0.9654226039517     0.378250658343163126
    430.000000      0.0001175106225      0.9653452415743     0.379690667194544029
    431.000000      0.0001150503453      0.9652453434598     0.381148340896657278
    432.000000      0.0001126704680      0.9651478382236     0.382621339906006774
    433.000000      0.0001103551493      0.9650691691149     0.384106435351568409
    434.000000      0.0001080728324      0.9650208127330     0.385601675977344682
    435.000000      0.0001058077784      0.9650048864454     0.387107728072555168
    436.000000      0.0001035739875      0.9649991792201     0.388626993188615821
    437.000000      0.0001013841093      0.9649736183335     0.390161280446047087
    438.000000      0.0000992267312      0.9649161447644     0.391710568062738018
    439.000000      0.0000970861511      0.9648329028462     0.393273984279456534
    440.000000      0.0000949697518      0.9647426126908     0.394851249327736409
    441.000000      0.0000929102789      0.9646614442803     0.396442782587118125
    442.000000      0.0000909473559      0.9645916410240     0.398049130021290443
    443.000000      0.0000891003557      0.9645370700493     0.399670810934895149
    444.000000      0.0000873495236      0.9645085208097     0.401308005902817511
    445.000000      0.0000856470387      0.9645034234951     0.402959878407617433
    446.000000      0.0000839532094      0.9644970809982     0.404625050058116054
    447.000000      0.0000822560072      0.9644567137551     0.406303442427164374
    448.000000      0.0000805643724      0.9643656599705     0.407997094010268901
    449.000000      0.0000788918339      0.9642400601421     0.409708483580094707
    450.000000      0.0000772492250      0.9641137786524     0.411438124736388744
    451.000000      0.0000756430312      0.9640127690758     0.413184035445571918
    452.000000      0.0000740747515      0.9639535994504     0.414943269925421354
    453.000000      0.0000725405253      0.9639480979935     0.416713400005893686
    454.000000      0.0000710312745      0.9640010768277     0.418492525504013557
    455.000000      0.0000695420077      0.9641057544803     0.420279010481905968
    456.000000      0.0000680802613      0.9642326279507     0.422072402194061613
    457.000000      0.0000666571080      0.9643377305504     0.423874449848669510
    458.000000      0.0000652726329      0.9643921095238     0.425688744349364157
    459.000000      0.0000639179621      0.9643842678253     0.427519254801399518
    460.000000      0.0000625875362      0.9643202542626     0.429368426152440696
    461.000000      0.0000612821394      0.9642417891387     0.431236027476847528
    462.000000      0.0000600044212      0.9641957523350     0.433120135530545070
    463.000000      0.0000587520625      0.9641939711723     0.435018888658200820
    464.000000      0.0000575184998      0.9642369092747     0.436930871353568673
    465.000000      0.0000563032876      0.9643197888129     0.438855372349599648
    466.000000      0.0000551135317      0.9643924697407     0.440793842137535918
    467.000000      0.0000539544850      0.9643681073373     0.442750349898759277
    468.000000      0.0000528244817      0.9641894251318     0.444729371491543790
    469.000000      0.0000517178104      0.9638833661295     0.446733142124894844
    470.000000      0.0000506297564      0.9635467612732     0.448761816484135878
    471.000000      0.0000495594386      0.9632606910704     0.450816524468221014
    472.000000      0.0000485110875      0.9630292230729     0.452901814330764763
    473.000000      0.0000474893209      0.9627963914074     0.455024544601364433
    474.000000      0.0000464937056      0.9625022035845     0.457190384628333835
    475.000000      0.0000455252103      0.9621389428833     0.459400916452403163
    476.000000      0.0000445900203      0.9617621524134     0.461652549692866787
    477.000000      0.0000436890212      0.9614522454395     0.463937129446222063
    478.000000      0.0000428104373      0.9612735351331     0.466243971477649843
    479.000000      0.0000419414508      0.9612585208099     0.468562323345998233
    480.000000      0.0000410787478      0.9614155390930     0.470882965893768768
    481.000000      0.0000402243607      0.9617286268421     0.473198689769918024
    482.000000      0.0000393791811      0.9621434685955     0.475504488151769322
    483.000000      0.0000385437371      0.9625747316937     0.477798245043449588
    484.000000      0.0000377217866      0.9629428299043     0.480081358738423725
    485.000000      0.0000369209928      0.9632128597801     0.482358168164948420
    486.000000      0.0000361486220      0.9634022706074     0.484634341532210300
    487.000000      0.0000354057328      0.9635456459632     0.486915432529348824
    488.000000      0.0000346845398      0.9636557768483     0.489206471851942715
    489.000000      0.0000339724349      0.9637282537117     0.491512496521869735
    490.000000      0.0000332598718      0.9637663247001     0.493838569622345069
    491.000000      0.0000325473792      0.9637774557565     0.496188155978624201
    492.000000      0.0000318435361      0.9637543363652     0.498561878537260139
    493.000000      0.0000311572012      0.9636743827010     0.500959229653235916
    494.000000      0.0000304943347      0.9635206939120     0.503381608373644207
    495.000000      0.0000298554687      0.9633063956626     0.505833348281893858
    496.000000      0.0000292363885      0.9630655240382     0.508320062797466998
    497.000000      0.0000286344489      0.9628176415645     0.510845621622445067
    498.000000      0.0000280520223      0.9625608433564     0.513410307433109669
    499.000000      0.0000274895615      0.9622830593597     0.516012388293627500
    500.000000      0.0000269401669      0.9619636250718     0.518651063251025835
    501.000000      0.0000263958642      0.9615858315081     0.521327000983793587
    502.000000      0.0000258546124      0.9611579425134     0.524041092987118429
    503.000000      0.0000253198727      0.9607137959347     0.526794370502117970
    504.000000      0.0000247958491      0.9602843336644     0.529589017219027069
    505.000000      0.0000242838204      0.9598833410209     0.532427839810840964
    506.000000      0.0000237819809      0.9595443701543     0.535311449223834779
    507.000000      0.0000232886493      0.9593278800250     0.538236333905919184
    508.000000      0.0000228037827      0.9592595167585     0.541196466381973940
    509.000000      0.0000223271984      0.9593028039198     0.544186137613104859
    510.000000      0.0000218583165      0.9594014957790     0.547200410683645555
    511.000000      0.0000213981003      0.9595326752932     0.550233584252927899
    512.000000      0.0000209493368      0.9597178742883     0.553278434206465497
    513.000000      0.0000205140818      0.9599845818760     0.556327181704645679
    514.000000      0.0000200909375      0.9603332999224     0.559373075616613979
    515.000000      0.0000196757587      0.9607421309882     0.562411367168266119
    516.000000      0.0000192650136      0.9611835759061     0.565439503340883109
    517.000000      0.0000188587296      0.9616225019733     0.568457196820933985
    518.000000      0.0000184604482      0.9620103212209     0.571466751283852270
    519.000000      0.0000180731429      0.9623065643418     0.574473178733717615
    520.000000      0.0000176950765      0.9624949633617     0.577483342618273610
    521.000000      0.0000173225750      0.9625699876601     0.580504462145618905
    522.000000      0.0000169557162      0.9625224636983     0.583543369588444327
    523.000000      0.0000165978509      0.9623460493804     0.586606795194472119
    524.000000      0.0000162504511      0.9620605898057     0.589701553314767257
    525.000000      0.0000159118344      0.9617166097173     0.592833843351558087
    526.000000      0.0000155791177      0.9613622513275     0.596007958435534113
    527.000000      0.0000152509290      0.9610094697078     0.599225756175419955
    528.000000      0.0000149296535      0.9606292374958     0.602487878972574609
    529.000000      0.0000146195399      0.9601828759359     0.605795239956102405
    530.000000      0.0000143211531      0.9596731398554     0.609148852235027793
    531.000000      0.0000140308926      0.9591595282084     0.612548739774015583
    532.000000      0.0000137455153      0.9587166405214     0.615993316891935594
    533.000000      0.0000134640111      0.9583871235791     0.619479399170816181
    534.000000      0.0000131860164      0.9581687421755     0.623002910059639814
    535.000000      0.0000129113609      0.9580347800674     0.626559631567805142
    536.000000      0.0000126404082      0.9579667788516     0.630144956997596983
    537.000000      0.0000123737878      0.9579603214543     0.633753856796015591
    538.000000      0.0000121119403      0.9580094175418     0.637382822510273561
    539.000000      0.0000118552284      0.9581008235377     0.641032434563137299
    540.000000      0.0000116044988      0.9582105905185     0.644707413978548027
    541.000000      0.0000113614743      0.9583155125141     0.648413047954366384
    542.000000      0.0000111275976      0.9584194134061     0.652150877020312825
    543.000000      0.0000109015391      0.9585404142657     0.655917814425084233
    544.000000      0.0000106782932      0.9586730790600     0.659708647284627747
    545.000000      0.0000104533847      0.9587923654758     0.663518422980803435
    546.000000      0.0000102271023      0.9588925474813     0.667343459616863588
    547.000000      0.0000100040886      0.9589938153144     0.671182137310010418
    548.000000      0.0000097890891      0.9591035047977     0.675035488454541865
    549.000000      0.0000095838373      0.9591934621509     0.678906658858914103
    550.000000      0.0000093874028      0.9592226611176     0.682799322498431338
    551.000000      0.0000091975772      0.9591826222100     0.686715874454023711
    552.000000      0.0000090124928      0.9591149562678     0.690656339616238291
    553.000000      0.0000088309438      0.9590612442751     0.694618860826902162
    554.000000      0.0000086518220      0.9590158136291     0.698601453178625098
    555.000000      0.0000084743685      0.9589541792527     0.702603543675641373
    556.000000      0.0000082987099      0.9588726455152     0.706626489120139700
    557.000000      0.0000081257801      0.9587822033691     0.710673405533441827
    558.000000      0.0000079569870      0.9586927605541     0.714748693373982502
    559.000000      0.0000077931706      0.9586058393948     0.718857284542401276
    560.000000      0.0000076335665      0.9585037600863     0.723003406816199234
    561.000000      0.0000074764994      0.9583600270979     0.727188963022095236
    562.000000      0.0000073209046      0.9581745523286     0.731412394856445491
    563.000000      0.0000071669738      0.9579798001266     0.735669017580088846
    564.000000      0.0000070159312      0.9578030384231     0.739953159269701843
    565.000000      0.0000068689383      0.9576349805980     0.744260967973340404
    566.000000      0.0000067259146      0.9574498452923     0.748591395699996887
    567.000000      0.0000065860158      0.9572533688255     0.752944657819974217
    568.000000      0.0000064490493      0.9570925513909     0.757320540166019462
    569.000000      0.0000063153322      0.9570183665228     0.761718235243214470
    570.000000      0.0000061844616      0.9570474754981     0.766136876687518398
    571.000000      0.0000060553024      0.9571540975154     0.770575933374990307
    572.000000      0.0000059272825      0.9572874583666     0.775035563869877597
    573.000000      0.0000058011294      0.9573957560761     0.779516774604243290
    574.000000      0.0000056781644      0.9574460138380     0.784021210359432952
    575.000000      0.0000055591621      0.9574283382945     0.788551020202182706
    576.000000      0.0000054436225      0.9573424903570     0.793108869285024221
    577.000000      0.0000053301761      0.9571875361793     0.797697200894153857
    578.000000      0.0000052179537      0.9569734748267     0.802316615237426589
    579.000000      0.0000051074626      0.9567358401766     0.806965270605719209
    580.000000      0.0000050000555      0.9565197602059     0.811640706945023882
    581.000000      0.0000048963932      0.9563482657069     0.816342495069240059
    582.000000      0.0000047957254      0.9562103908062     0.821072965800441090
    583.000000      0.0000046969706      0.9560771182914     0.825835324507888102
    584.000000      0.0000046000191      0.9559248431554     0.830631446600423429
    585.000000      0.0000045053680      0.9557440448811     0.835461597187720395
    586.000000      0.0000044129956      0.9555469967059     0.840325099374683693
    587.000000      0.0000043222513      0.9553735166062     0.845220272928066341
    588.000000      0.0000042326305      0.9552668291580     0.850144149720811870
    589.000000      0.0000041441483      0.9552408987347     0.855093113348534106
    590.000000      0.0000040571355      0.9552723625168     0.860064473400571572
    591.000000      0.0000039716969      0.9553121108480     0.865057376175279558
    592.000000      0.0000038876378      0.9553198454218     0.870071758319835409
    593.000000      0.0000038052100      0.9552978209102     0.875107245709396575
    594.000000      0.0000037251528      0.9552825501002     0.880164092798015329
    595.000000      0.0000036477094      0.9553112526066     0.885244217927876886
    596.000000      0.0000035724123      0.9553906447087     0.890349859867686666
    597.000000      0.0000034987870      0.9554889712923     0.895481120929635388
    598.000000      0.0000034265327      0.9555660484192     0.900635348481032105
    599.000000      0.0000033553163      0.9555979110761     0.905809323950823253
    600.000000      0.0000032847389      0.9555769976016     0.911002136330096191
    601.000000      0.0000032145999      0.9555141024551     0.916215967469119819
    602.000000      0.0000031452838      0.9554297274644     0.921454583092725543
    603.000000      0.0000030778539      0.9553389904460     0.926721497421675200
    604.000000      0.0000030134168      0.9552544035406     0.932019289475663149
    605.000000      0.0000029521869      0.9551893214162     0.937349605509431472
    606.000000      0.0000028932572      0.9551421793660     0.942712860235224048
    607.000000      0.0000028354154      0.9550823359975     0.948107925115715844
    608.000000      0.0000027779715      0.9549736796292     0.953532572904939868
    609.000000      0.0000027208659      0.9548052864549     0.958984645788636958
    610.000000      0.0000026643642      0.9545875081530     0.964462968759019046
    611.000000      0.0000026087878      0.9543410358901     0.969967045274267581
    612.000000      0.0000025544431      0.9540972146005     0.975495656193266170
    613.000000      0.0000025015735      0.9538982521309     0.981045558235114967
    614.000000      0.0000024502063      0.9537860334855     0.986611823961222267
    615.000000      0.0000023999963      0.9537757062476     0.992189863061741506
    616.000000      0.0000023503779      0.9538442365592     0.997776996233948776
    617.000000      0.0000023010422      0.9539555946708     1.003372084733926695
    618.000000      0.0000022522538      0.9540868248972     1.008974479171997896
    619.000000      0.0000022045375      0.9542201677079     1.014584442376818219
    620.000000      0.0000021582966      0.9543229573754     1.020204620709034060
    621.000000      0.0000021136912      0.9543546525223     1.025839564863599618
    622.000000      0.0000020704062      0.9542977316860     1.031492675968152195
    623.000000      0.0000020277463      0.9541731045825     1.037164053101616856
    624.000000      0.0000019853642      0.9540320332434     1.042851602275886025
    625.000000      0.0000019435493      0.9539284547796     1.048554091935085752
    626.000000      0.0000019026432      0.9538673032381     1.054273465516772257
    627.000000      0.0000018626088      0.9537963161501     1.060014273721080924
    628.000000      0.0000018232487      0.9536730039771     1.065780887698698942
    629.000000      0.0000017845724      0.9535063321324     1.071575428755422887
    630.000000      0.0000017468853      0.9533308539417     1.077397396844466559
    631.000000      0.0000017104672      0.9531771930655     1.083244131098455743
    632.000000      0.0000016751486      0.9530643417778     1.089111974303927921
    633.000000      0.0000016404379      0.9530009344484     1.094997685048782810
    634.000000      0.0000016061062      0.9529851945615     1.100899081837430682
    635.000000      0.0000015723590      0.9529974367290     1.106814843672931037
    636.000000      0.0000015395394      0.9530085617798     1.112743918484266015
    637.000000      0.0000015078287      0.9530111395703     1.118685083120285029
    638.000000      0.0000014771070      0.9530321565588     1.124637027113494669
    639.000000      0.0000014470488      0.9531023019712     1.130598609964469148
    640.000000      0.0000014173881      0.9532147924170     1.136568984001329330
    641.000000      0.0000013880297      0.9533239426303     1.142547855237525667
    642.000000      0.0000013589626      0.9533761254857     1.148535801434911630
    643.000000      0.0000013302019      0.9533385760614     1.154533921629319559
    644.000000      0.0000013018814      0.9532205274711     1.160543051313103202
    645.000000      0.0000012742334      0.9530691248952     1.166563945150878912
    646.000000      0.0000012474173      0.9529324513701     1.172598261118797502
    647.000000      0.0000012214329      0.9528362107142     1.178648383574309122
    648.000000      0.0000011961249      0.9527956474003     1.184715860860105829
    649.000000      0.0000011712580      0.9528195685266     1.190800682322038506
    650.000000      0.0000011467776      0.9528912145807     1.196902316718709391
    651.000000      0.0000011229119      0.9529650313616     1.203020687255915488
    652.000000      0.0000010997915      0.9529855598309     1.209155775391751675
    653.000000      0.0000010771464      0.9529135778353     1.215306672589140380
    654.000000      0.0000010546345      0.9527581357527     1.221471341664836618
    655.000000      0.0000010322627      0.9525740380481     1.227647686901796042
    656.000000      0.0000010102780      0.9524072599224     1.233835347033935825
    657.000000      0.0000009888994      0.9522640700685     1.240036373407899850
    658.000000      0.0000009682547      0.9521366555372     1.246253601958252410
    659.000000      0.0000009483461      0.9520227638222     1.252488172923085230
    660.000000      0.0000009290292      0.9519215729065     1.258738722789119802
    661.000000      0.0000009101203      0.9518316446036     1.265002537988949127
    662.000000      0.0000008914867      0.9517478634691     1.271277086757823360
    663.000000      0.0000008730921      0.9516624089042     1.277560768004333491
    664.000000      0.0000008549994      0.9515729111503     1.283852600204506533
    665.000000      0.0000008373112      0.9514906692442     1.290151587114358289
    666.000000      0.0000008200705      0.9514456084998     1.296456770165127947
    667.000000      0.0000008032243      0.9514670975110     1.302767386414879658
    668.000000      0.0000007866951      0.9515571455863     1.309082130960053325
    669.000000      0.0000007704728      0.9516926601008     1.315398615715742014
    670.000000      0.0000007545461      0.9518376665711     1.321714410697294895
    671.000000      0.0000007388092      0.9519492096936     1.328028747478670057
    672.000000      0.0000007231765      0.9519907829832     1.334343035503325448
    673.000000      0.0000007077394      0.9519542892512     1.340659691182035429
    674.000000      0.0000006927214      0.9518751867745     1.346980598391076978
    675.000000      0.0000006782848      0.9518146989681     1.353306910613840675
    676.000000      0.0000006644109      0.9518063913185     1.359640019959605484
    677.000000      0.0000006508933      0.9518300649288     1.365981782841403369
    678.000000      0.0000006374718      0.9518502622421     1.372333425422162634
    679.000000      0.0000006240547      0.9518540165250     1.378694858179053462
    680.000000      0.0000006107612      0.9518457308723     1.385065580125252938
    681.000000      0.0000005977584      0.9518272283946     1.391446078749843940
    682.000000      0.0000005851335      0.9517920621632     1.397837888573681075
    683.000000      0.0000005728861      0.9517379090980     1.404241988224831150
    684.000000      0.0000005609532      0.9516750108627     1.410657194859844532
    685.000000      0.0000005492384      0.9516200548045     1.417080213387565069
    686.000000      0.0000005377325      0.9515852181893     1.423507274474467676
    687.000000      0.0000005265201      0.9515682665029     1.429935816851772401
    688.000000      0.0000005156259      0.9515478431739     1.436364491009437971
    689.000000      0.0000005049940      0.9514985379723     1.442791513177289486
    690.000000      0.0000004945775      0.9514220108963     1.449213580547081381
    691.000000      0.0000004843628      0.9513537165157     1.455626945373984515
    692.000000      0.0000004743542      0.9513359304565     1.462029423486914004
    693.000000      0.0000004645620      0.9513955502448     1.468421074787523928
    694.000000      0.0000004549677      0.9515403300583     1.474803245320671197
    695.000000      0.0000004455242      0.9517521462456     1.481177605639466321
    696.000000      0.0000004362097      0.9519784931278     1.487546056476103384
    697.000000      0.0000004270353      0.9521490979639     1.493910836803157949
    698.000000      0.0000004179980      0.9522127347487     1.500274409640098616
    699.000000      0.0000004090905      0.9521587926112     1.506639088216727540
    700.000000      0.0000004003608      0.9520155784571     1.513006689671755778
    701.000000      0.0000003919052      0.9518365778120     1.519379159560241055
    702.000000      0.0000003837751      0.9516757830647     1.525759483456911925
    703.000000      0.0000003759186      0.9515612037796     1.532150884484974496
    704.000000      0.0000003682392      0.9514880270818     1.538554842483929930
    705.000000      0.0000003606498      0.9514363924277     1.544970315289220464
    706.000000      0.0000003531184      0.9513867468360     1.551394654938881956
    707.000000      0.0000003456972      0.9513199700191     1.557824596444281173
    708.000000      0.0000003384704      0.9512297227698     1.564256279577745712
    709.000000      0.0000003314423      0.9511434758135     1.570685232524464015
    710.000000      0.0000003245428      0.9511108548419     1.577107261166944330
    711.000000      0.0000003177412      0.9511644429277     1.583519527512372127
    712.000000      0.0000003110802      0.9512932083951     1.589920954899016969
    713.000000      0.0000003046063      0.9514425319892     1.596312036287437452
    714.000000      0.0000002983231      0.9515408382306     1.602694203274760865
    715.000000      0.0000002921938      0.9515354500946     1.609068843615718780
    716.000000      0.0000002861728      0.9514180008611     1.615436482769373905
    717.000000      0.0000002802399      0.9512306767510     1.621796922095009030
    718.000000      0.0000002744109      0.9510365969345     1.628150343239423758
    719.000000      0.0000002687159      0.9508804910462     1.634497948846999948
    720.000000      0.0000002631779      0.9507854045135     1.640841078716936297
    721.000000      0.0000002577946      0.9507591762923     1.647179835713270979
    722.000000      0.0000002525368      0.9507895076138     1.653512599612844580
    723.000000      0.0000002473648      0.9508586497000     1.659836433871097583
    724.000000      0.0000002422439      0.9509607743032     1.666147990137657464
    725.000000      0.0000002371628      0.9510878841076     1.672444553772037601
    726.000000      0.0000002321500      0.9512222978216     1.678724683630973935
    727.000000      0.0000002272431      0.9513526643200     1.684988265311056610
    728.000000      0.0000002224490      0.9514815358376     1.691236206065466430
    729.000000      0.0000002177709      0.9516245295314     1.697470041364124826
    730.000000      0.0000002132398      0.9517979079687     1.703691601500232800
    731.000000      0.0000002088702      0.9519956713467     1.709902939812606437
    732.000000      0.0000002046127      0.9521863212153     1.716106727821356870
    733.000000      0.0000002003867      0.9523257540670     1.722306485328203074
    734.000000      0.0000001961438      0.9523736614079     1.728505825643981364
    735.000000      0.0000001919078      0.9523146406132     1.734707301045521621
    736.000000      0.0000001877684      0.9521747184809     1.740912115866856347
    737.000000      0.0000001838104      0.9520172016508     1.747120791201061563
    738.000000      0.0000001800302      0.9518984653382     1.753333560358461884
    739.000000      0.0000001763465      0.9518214869361     1.759549782823043085
    740.000000      0.0000001726972      0.9517577606243     1.765767251151675987
    741.000000      0.0000001690908      0.9516982152175     1.771982538098939131
    742.000000      0.0000001655652      0.9516548181115     1.778192195605885706
    743.000000      0.0000001621344      0.9516371000658     1.784393474186426021
    744.000000      0.0000001587928      0.9516499820761     1.790583820910824020
    745.000000      0.0000001555333      0.9517044944936     1.796760027451910435
    746.000000      0.0000001523428      0.9518219018212     1.802918328727521891
    747.000000      0.0000001492045      0.9520162861466     1.809055571829097930
    748.000000      0.0000001461090      0.9522667036556     1.815170351990339936
    749.000000      0.0000001430499      0.9525138512055     1.821263094149328632
    750.000000      0.0000001400234      0.9526915803006     1.827335253331523024
    751.000000      0.0000001370359      0.9527624752850     1.833388555430849554
    752.000000      0.0000001341080      0.9527274932530     1.839424659031353659
    753.000000      0.0000001312633      0.9526207426471     1.845445118008237628
    754.000000      0.0000001285109      0.9524953834339     1.851451652611918464
    755.000000      0.0000001258386      0.9523940483164     1.857446410801774750
    756.000000      0.0000001232272      0.9523342531829     1.863431829221081859
    757.000000      0.0000001206703      0.9523161240599     1.869410345724605627
    758.000000      0.0000001181743      0.9523206648519     1.875383963217082117
    759.000000      0.0000001157482      0.9523127872887     1.881353431097762874
    760.000000      0.0000001133809      0.9522743252213     1.887317886168514924
    761.000000      0.0000001110378      0.9522270524935     1.893275583430833464
    762.000000      0.0000001087034      0.9522092787684     1.899224842478533404
    763.000000      0.0000001064030      0.9522423320776     1.905164691313520509
    764.000000      0.0000001041707      0.9523237055765     1.911095216132353336
    765.000000      0.0000001020145      0.9524317348155     1.917016917071853843
    766.000000      0.0000000999200      0.9525338653551     1.922929376919970235
    767.000000      0.0000000978686      0.9526081843270     1.928830949718349563
    768.000000      0.0000000958478      0.9526511608458     1.934719786608104730
    769.000000      0.0000000938530      0.9526552012912     1.940594653521481971
    770.000000      0.0000000918843      0.9526022750757     1.946454674835760512
    771.000000      0.0000000899478      0.9524919254492     1.952298916843982379
    772.000000      0.0000000880557      0.9523565016476     1.958126754056704222
    773.000000      0.0000000862215      0.9522367363919     1.963938527472657070
    774.000000      0.0000000844514      0.9521528606011     1.969735410599224856
    775.000000      0.0000000827395      0.9521054398670     1.975518462388505814
    776.000000      0.0000000810684      0.9520881702665     1.981287829486988228
    777.000000      0.0000000794153      0.9520959967028     1.987042718767461302
    778.000000      0.0000000777697      0.9521319798845     1.992782073925080999
    779.000000      0.0000000761373      0.9521994118485     1.998505177934726262
    780.000000      0.0000000745267      0.9522938504065     2.004211401878794430
    781.000000      0.0000000729434      0.9524153478700     2.009899661537295490
    782.000000      0.0000000713981      0.9525700275588     2.015568533019950426
    783.000000      0.0000000699039      0.9527531855735     2.021217001431561133
    784.000000      0.0000000684610      0.9529426686287     2.026845191744325980
    785.000000      0.0000000670572      0.9531084127031     2.032454356402098927
    786.000000      0.0000000656799      0.9532263865892     2.038046164631742041
    787.000000      0.0000000643201      0.9532849133703     2.043622167110107579
    788.000000      0.0000000629716      0.9532823504907     2.049183716652396292
    789.000000      0.0000000616330      0.9532264929470     2.054731848823148521
    790.000000      0.0000000603100      0.9531351376734     2.060266958295959405
    791.000000      0.0000000590155      0.9530339910299     2.065788666035005328
    792.000000      0.0000000577659      0.9529492198957     2.071296194690730452
    793.000000      0.0000000565721      0.9529000842001     2.076788951193733190
    794.000000      0.0000000554265      0.9528931931004     2.082266668708694368
    795.000000      0.0000000543063      0.9529149423190     2.087728991519238519
    796.000000      0.0000000531907      0.9529403797789     2.093175099941598116
    797.000000      0.0000000520795      0.9529542576428     2.098603777277561644
    798.000000      0.0000000509896      0.9529620619188     2.104013902927821089
    799.000000      0.0000000499331      0.9529859816915     2.109405068012264461
    800.000000      0.0000000489069      0.9530519452908     2.114777609464877361
